245
1 6 4
1 7 156
1 8 317
1 9 267
1 10 29
1 11 293
1 12 274
1 13 225
1 14 174
1 15 42
1 16 126
1 17 60
1 18 117
1 19 12
1 20 193
1 21 105
1 22 26
1 23 39
1 24 164
1 25 95
1 26 60
1 27 26
1 28 269
1 29 124
1 30 139
1 31 153
1 32 385
1 33 225
1 34 7
1 35 48
1 36 266
1 37 209
1 38 297
1 39 168
1 40 185
1 41 118
1 42 368
1 43 398
1 44 286
1 45 133
1 46 143
1 47 226
1 48 133
1 49 275
1 50 166
1 51 398
1 52 259
1 53 311
1 54 157
1 55 248
1 56 178
1 57 162
1 58 344
1 59 185
1 60 330
1 61 396
1 62 71
1 63 367
1 64 177
1 65 81
1 66 349
1 67 31
1 68 259
1 69 332
1 70 340
1 71 271
1 72 85
1 73 227
1 74 399
1 75 260
1 76 374
1 77 339
1 78 145
1 79 375
1 80 119
1 81 285
1 82 380
1 83 205
1 84 301
1 85 33
1 86 155
1 87 343
1 88 101
1 89 378
1 90 180
1 91 231
1 92 231
1 93 59
1 94 360
1 95 53
1 96 142
1 97 24
1 98 14
1 99 385
1 100 119
1 101 311
1 102 159
1 103 249
1 104 55
1 105 40
1 106 179
1 107 365
1 108 2
1 109 356
1 110 75
1 111 193
1 112 154
1 113 162
1 114 32
1 115 243
1 116 325
1 117 304
1 118 45
1 119 46
1 120 194
1 121 367
1 122 280
1 123 350
1 124 221
1 125 95
1 126 119
1 127 340
1 128 33
1 129 222
1 130 80
1 131 188
1 132 189
1 133 171
1 134 177
1 135 158
1 136 90
1 137 31
1 138 178
1 139 322
1 140 236
1 141 271
1 142 231
1 143 24
1 144 71
1 145 75
1 146 379
1 147 166
1 148 148
1 149 202
1 150 281
1 151 243
1 152 51
1 153 186
1 154 44
1 155 4
1 156 19
1 157 98
1 158 154
1 159 52
1 160 225
1 161 75
1 162 44
1 163 346
1 164 222
1 165 175
1 166 50
1 167 85
1 168 276
1 169 400
1 170 85
1 171 91
1 172 217
1 173 316
1 174 268
1 175 179
1 176 357
1 177 351
1 178 291
1 179 255
1 180 225
1 181 185
1 182 89
1 183 95
1 184 320
1 185 114
1 186 248
1 187 385
1 188 290
1 189 108
1 190 11
1 191 189
1 192 183
1 193 8
1 194 219
1 195 177
1 196 177
1 197 139
1 198 266
1 199 296
1 200 221
1 201 242
1 202 372
1 203 288
1 204 164
1 205 3
1 206 83
1 207 107
1 208 188
1 209 182
1 210 322
1 211 374
1 212 52
1 213 21
1 214 387
1 215 329
1 216 337
1 217 96
1 218 357
1 219 399
1 220 2
1 221 339
1 222 96
1 223 151
1 224 266
1 225 44
1 226 100
1 227 57
1 228 223
1 229 151
1 230 177
1 231 317
1 232 95
1 233 317
1 234 55
1 235 344
1 236 163
1 237 221
1 238 162
1 239 296
1 240 102
1 241 121
1 242 206
1 243 275
1 244 103
1 245 20
2 6 129
2 7 347
2 8 333
2 9 170
2 10 345
2 11 340
2 12 266
2 13 353
2 14 19
2 15 41
2 16 20
2 17 31
2 18 94
2 19 316
2 20 32
2 21 348
2 22 240
2 23 317
2 24 319
2 25 41
2 26 7
2 27 317
2 28 46
2 29 337
2 30 130
2 31 66
2 32 25
2 33 79
2 34 129
2 35 29
2 36 320
2 37 144
2 38 234
2 39 315
2 40 92
2 41 234
2 42 206
2 43 122
2 44 131
2 45 125
2 46 251
2 47 333
2 48 250
2 49 314
2 50 131
2 51 32
2 52 155
2 53 209
2 54 269
2 55 31
2 56 344
2 57 31
2 58 106
2 59 277
2 60 318
2 61 295
2 62 11
2 63 209
2 64 205
2 65 32
2 66 225
2 67 94
2 68 55
2 69 160
2 70 86
2 71 306
2 72 327
2 73 120
2 74 314
2 75 311
2 76 356
2 77 272
2 78 96
2 79 169
2 80 118
2 81 131
2 82 218
2 83 175
2 84 345
2 85 127
2 86 49
2 87 301
2 88 239
2 89 294
2 90 90
2 91 185
2 92 123
2 93 88
2 94 357
2 95 253
2 96 251
2 97 117
2 98 8
2 99 348
2 100 69
2 101 381
2 102 300
2 103 360
2 104 70
2 105 378
2 106 295
2 107 260
2 108 6
2 109 289
2 110 26
2 111 230
2 112 144
2 113 85
2 114 42
2 115 31
2 116 33
2 117 268
2 118 164
2 119 269
2 120 271
2 121 198
2 122 237
2 123 321
2 124 380
2 125 283
2 126 57
2 127 29
2 128 395
2 129 197
2 130 45
2 131 352
2 132 194
2 133 334
2 134 230
2 135 389
2 136 112
2 137 330
2 138 219
2 139 376
2 140 321
2 141 216
2 142 176
2 143 331
2 144 303
2 145 101
2 146 45
2 147 9
2 148 156
2 149 50
2 150 63
2 151 249
2 152 190
2 153 344
2 154 13
2 155 84
2 156 282
2 157 393
2 158 61
2 159 138
2 160 356
2 161 232
2 162 248
2 163 194
2 164 69
2 165 187
2 166 219
2 167 241
2 168 238
2 169 287
2 170 144
2 171 253
2 172 12
2 173 174
2 174 316
2 175 226
2 176 364
2 177 205
2 178 250
2 179 132
2 180 225
2 181 233
2 182 24
2 183 87
2 184 340
2 185 291
2 186 65
2 187 396
2 188 396
2 189 8
2 190 123
2 191 284
2 192 382
2 193 310
2 194 81
2 195 73
2 196 278
2 197 124
2 198 51
2 199 99
2 200 183
2 201 322
2 202 205
2 203 201
2 204 335
2 205 25
2 206 181
2 207 369
2 208 351
2 209 180
2 210 25
2 211 218
2 212 57
2 213 183
2 214 297
2 215 271
2 216 58
2 217 159
2 218 384
2 219 159
2 220 363
2 221 66
2 222 25
2 223 75
2 224 243
2 225 248
2 226 288
2 227 383
2 228 175
2 229 170
2 230 102
2 231 84
2 232 148
2 233 138
2 234 57
2 235 21
2 236 51
2 237 212
2 238 36
2 239 321
2 240 111
2 241 275
2 242 290
2 243 97
2 244 12
2 245 118
3 6 25
3 7 91
3 8 168
3 9 196
3 10 20
3 11 134
3 12 30
3 13 47
3 14 17
3 15 254
3 16 264
3 17 53
3 18 397
3 19 298
3 20 21
3 21 396
3 22 221
3 23 220
3 24 284
3 25 63
3 26 334
3 27 265
3 28 160
3 29 20
3 30 79
3 31 42
3 32 84
3 33 129
3 34 13
3 35 258
3 36 321
3 37 366
3 38 319
3 39 369
3 40 53
3 41 283
3 42 196
3 43 201
3 44 286
3 45 309
3 46 314
3 47 303
3 48 200
3 49 166
3 50 384
3 51 115
3 52 323
3 53 219
3 54 14
3 55 67
3 56 104
3 57 90
3 58 387
3 59 205
3 60 173
3 61 115
3 62 143
3 63 132
3 64 167
3 65 310
3 66 147
3 67 5
3 68 224
3 69 197
3 70 325
3 71 171
3 72 218
3 73 123
3 74 88
3 75 255
3 76 195
3 77 158
3 78 396
3 79 36
3 80 89
3 81 17
3 82 241
3 83 50
3 84 287
3 85 398
3 86 258
3 87 289
3 88 176
3 89 370
3 90 384
3 91 233
3 92 339
3 93 40
3 94 156
3 95 359
3 96 80
3 97 218
3 98 90
3 99 130
3 100 339
3 101 261
3 102 82
3 103 191
3 104 62
3 105 317
3 106 88
3 107 18
3 108 292
3 109 273
3 110 142
3 111 342
3 112 163
3 113 272
3 114 9
3 115 239
3 116 65
3 117 173
3 118 97
3 119 285
3 120 91
3 121 319
3 122 173
3 123 292
3 124 313
3 125 347
3 126 383
3 127 26
3 128 134
3 129 310
3 130 123
3 131 49
3 132 15
3 133 53
3 134 366
3 135 198
3 136 106
3 137 392
3 138 268
3 139 360
3 140 121
3 141 183
3 142 266
3 143 109
3 144 15
3 145 251
3 146 110
3 147 337
3 148 50
3 149 160
3 150 372
3 151 225
3 152 34
3 153 377
3 154 386
3 155 215
3 156 296
3 157 37
3 158 350
3 159 374
3 160 130
3 161 273
3 162 78
3 163 89
3 164 351
3 165 14
3 166 17
3 167 263
3 168 294
3 169 372
3 170 284
3 171 138
3 172 268
3 173 391
3 174 343
3 175 128
3 176 357
3 177 73
3 178 217
3 179 353
3 180 106
3 181 224
3 182 353
3 183 147
3 184 12
3 185 185
3 186 135
3 187 154
3 188 24
3 189 253
3 190 51
3 191 51
3 192 396
3 193 323
3 194 236
3 195 339
3 196 249
3 197 391
3 198 307
3 199 396
3 200 329
3 201 41
3 202 209
3 203 64
3 204 290
3 205 281
3 206 317
3 207 233
3 208 92
3 209 82
3 210 51
3 211 216
3 212 240
3 213 68
3 214 114
3 215 28
3 216 354
3 217 6
3 218 85
3 219 245
3 220 176
3 221 283
3 222 244
3 223 201
3 224 11
3 225 37
3 226 91
3 227 103
3 228 117
3 229 216
3 230 108
3 231 139
3 232 203
3 233 80
3 234 129
3 235 370
3 236 54
3 237 213
3 238 164
3 239 318
3 240 349
3 241 286
3 242 82
3 243 139
3 244 365
3 245 244
4 6 125
4 7 179
4 8 251
4 9 232
4 10 210
4 11 80
4 12 73
4 13 296
4 14 123
4 15 208
4 16 183
4 17 318
4 18 389
4 19 173
4 20 140
4 21 361
4 22 324
4 23 205
4 24 101
4 25 128
4 26 245
4 27 71
4 28 366
4 29 260
4 30 324
4 31 88
4 32 47
4 33 54
4 34 96
4 35 293
4 36 136
4 37 249
4 38 124
4 39 50
4 40 80
4 41 88
4 42 7
4 43 34
4 44 138
4 45 235
4 46 110
4 47 127
4 48 345
4 49 166
4 50 289
4 51 61
4 52 342
4 53 147
4 54 291
4 55 346
4 56 31
4 57 322
4 58 309
4 59 73
4 60 338
4 61 173
4 62 38
4 63 47
4 64 363
4 65 49
4 66 228
4 67 365
4 68 346
4 69 89
4 70 246
4 71 159
4 72 344
4 73 253
4 74 285
4 75 372
4 76 76
4 77 156
4 78 295
4 79 48
4 80 249
4 81 342
4 82 166
4 83 62
4 84 122
4 85 301
4 86 177
4 87 282
4 88 256
4 89 156
4 90 58
4 91 398
4 92 27
4 93 281
4 94 144
4 95 171
4 96 328
4 97 263
4 98 293
4 99 394
4 100 298
4 101 287
4 102 291
4 103 195
4 104 204
4 105 176
4 106 234
4 107 46
4 108 358
4 109 228
4 110 333
4 111 297
4 112 142
4 113 69
4 114 46
4 115 361
4 116 384
4 117 399
4 118 183
4 119 100
4 120 33
4 121 360
4 122 170
4 123 223
4 124 193
4 125 222
4 126 379
4 127 371
4 128 367
4 129 16
4 130 125
4 131 277
4 132 369
4 133 336
4 134 58
4 135 214
4 136 244
4 137 359
4 138 296
4 139 24
4 140 1
4 141 330
4 142 312
4 143 3
4 144 193
4 145 395
4 146 336
4 147 199
4 148 210
4 149 162
4 150 107
4 151 130
4 152 74
4 153 318
4 154 15
4 155 244
4 156 139
4 157 150
4 158 16
4 159 160
4 160 296
4 161 21
4 162 339
4 163 326
4 164 7
4 165 246
4 166 149
4 167 80
4 168 39
4 169 204
4 170 93
4 171 362
4 172 228
4 173 86
4 174 16
4 175 133
4 176 361
4 177 368
4 178 292
4 179 61
4 180 86
4 181 253
4 182 150
4 183 234
4 184 50
4 185 276
4 186 304
4 187 244
4 188 274
4 189 361
4 190 21
4 191 59
4 192 186
4 193 189
4 194 31
4 195 341
4 196 371
4 197 104
4 198 395
4 199 89
4 200 254
4 201 374
4 202 99
4 203 203
4 204 136
4 205 96
4 206 333
4 207 57
4 208 31
4 209 93
4 210 50
4 211 262
4 212 4
4 213 281
4 214 241
4 215 309
4 216 353
4 217 148
4 218 132
4 219 329
4 220 381
4 221 61
4 222 164
4 223 186
4 224 397
4 225 225
4 226 313
4 227 378
4 228 190
4 229 143
4 230 292
4 231 376
4 232 144
4 233 158
4 234 65
4 235 245
4 236 293
4 237 177
4 238 279
4 239 245
4 240 42
4 241 105
4 242 34
4 243 297
4 244 69
4 245 300
5 6 211
5 7 59
5 8 336
5 9 69
5 10 213
5 11 217
5 12 85
5 13 172
5 14 211
5 15 165
5 16 187
5 17 392
5 18 217
5 19 108
5 20 303
5 21 370
5 22 168
5 23 342
5 24 358
5 25 43
5 26 63
5 27 302
5 28 146
5 29 352
5 30 38
5 31 274
5 32 163
5 33 269
5 34 44
5 35 381
5 36 320
5 37 176
5 38 355
5 39 355
5 40 375
5 41 272
5 42 42
5 43 285
5 44 17
5 45 190
5 46 28
5 47 326
5 48 329
5 49 218
5 50 183
5 51 324
5 52 191
5 53 41
5 54 288
5 55 331
5 56 232
5 57 373
5 58 276
5 59 175
5 60 312
5 61 326
5 62 258
5 63 24
5 64 114
5 65 208
5 66 200
5 67 251
5 68 142
5 69 252
5 70 299
5 71 375
5 72 333
5 73 284
5 74 395
5 75 397
5 76 250
5 77 57
5 78 182
5 79 195
5 80 226
5 81 191
5 82 139
5 83 74
5 84 5
5 85 188
5 86 242
5 87 319
5 88 93
5 89 325
5 90 42
5 91 287
5 92 382
5 93 377
5 94 19
5 95 175
5 96 174
5 97 106
5 98 302
5 99 299
5 100 23
5 101 217
5 102 306
5 103 61
5 104 203
5 105 161
5 106 96
5 107 64
5 108 328
5 109 327
5 110 200
5 111 309
5 112 204
5 113 96
5 114 93
5 115 22
5 116 106
5 117 356
5 118 359
5 119 218
5 120 93
5 121 34
5 122 8
5 123 248
5 124 125
5 125 67
5 126 338
5 127 47
5 128 48
5 129 179
5 130 134
5 131 165
5 132 162
5 133 270
5 134 399
5 135 62
5 136 264
5 137 119
5 138 353
5 139 160
5 140 306
5 141 399
5 142 348
5 143 36
5 144 175
5 145 276
5 146 38
5 147 256
5 148 261
5 149 200
5 150 295
5 151 179
5 152 209
5 153 196
5 154 6
5 155 352
5 156 380
5 157 300
5 158 357
5 159 191
5 160 63
5 161 36
5 162 361
5 163 144
5 164 264
5 165 323
5 166 204
5 167 130
5 168 221
5 169 103
5 170 358
5 171 3
5 172 144
5 173 250
5 174 185
5 175 216
5 176 116
5 177 372
5 178 44
5 179 47
5 180 79
5 181 320
5 182 43
5 183 19
5 184 273
5 185 339
5 186 220
5 187 113
5 188 196
5 189 58
5 190 389
5 191 168
5 192 372
5 193 180
5 194 29
5 195 54
5 196 304
5 197 65
5 198 144
5 199 353
5 200 2
5 201 88
5 202 215
5 203 34
5 204 44
5 205 399
5 206 375
5 207 57
5 208 355
5 209 182
5 210 200
5 211 221
5 212 176
5 213 261
5 214 25
5 215 99
5 216 244
5 217 184
5 218 179
5 219 33
5 220 124
5 221 167
5 222 11
5 223 339
5 224 182
5 225 75
5 226 203
5 227 29
5 228 339
5 229 30
5 230 275
5 231 354
5 232 126
5 233 307
5 234 12
5 235 149
5 236 379
5 237 214
5 238 142
5 239 174
5 240 179
5 241 4
5 242 147
5 243 288
5 244 239
5 245 14