65
1 6 119
1 7 320
1 8 314
1 9 112
1 10 65
1 11 356
1 12 24
1 13 162
1 14 208
1 15 69
1 16 234
1 17 63
1 18 367
1 19 306
1 20 318
1 21 267
1 22 306
1 23 50
1 24 294
1 25 193
1 26 362
1 27 288
1 28 11
1 29 133
1 30 345
1 31 150
1 32 17
1 33 153
1 34 6
1 35 366
1 36 396
1 37 340
1 38 35
1 39 132
1 40 307
1 41 15
1 42 125
1 43 47
1 44 101
1 45 130
1 46 36
1 47 354
1 48 233
1 49 223
1 50 220
1 51 158
1 52 394
1 53 124
1 54 306
1 55 395
1 56 275
1 57 375
1 58 323
1 59 342
1 60 151
1 61 197
1 62 330
1 63 397
1 64 68
1 65 204
2 6 264
2 7 393
2 8 233
2 9 290
2 10 25
2 11 155
2 12 245
2 13 214
2 14 324
2 15 10
2 16 34
2 17 381
2 18 227
2 19 44
2 20 3
2 21 383
2 22 149
2 23 195
2 24 89
2 25 51
2 26 128
2 27 266
2 28 396
2 29 296
2 30 267
2 31 128
2 32 344
2 33 182
2 34 10
2 35 180
2 36 374
2 37 340
2 38 27
2 39 354
2 40 221
2 41 379
2 42 49
2 43 364
2 44 24
2 45 155
2 46 110
2 47 157
2 48 217
2 49 29
2 50 103
2 51 202
2 52 270
2 53 297
2 54 227
2 55 298
2 56 260
2 57 280
2 58 308
2 59 311
2 60 42
2 61 172
2 62 377
2 63 53
2 64 231
2 65 127
3 6 67
3 7 387
3 8 30
3 9 329
3 10 150
3 11 208
3 12 112
3 13 310
3 14 18
3 15 112
3 16 178
3 17 88
3 18 3
3 19 287
3 20 369
3 21 201
3 22 166
3 23 341
3 24 68
3 25 147
3 26 62
3 27 202
3 28 386
3 29 355
3 30 37
3 31 156
3 32 3
3 33 315
3 34 310
3 35 46
3 36 347
3 37 216
3 38 363
3 39 211
3 40 244
3 41 371
3 42 290
3 43 204
3 44 154
3 45 203
3 46 102
3 47 127
3 48 157
3 49 355
3 50 59
3 51 393
3 52 307
3 53 8
3 54 377
3 55 4
3 56 381
3 57 183
3 58 61
3 59 268
3 60 347
3 61 268
3 62 124
3 63 190
3 64 17
3 65 237
4 6 154
4 7 163
4 8 220
4 9 184
4 10 219
4 11 188
4 12 336
4 13 267
4 14 279
4 15 14
4 16 20
4 17 227
4 18 19
4 19 304
4 20 289
4 21 102
4 22 301
4 23 258
4 24 374
4 25 212
4 26 248
4 27 16
4 28 63
4 29 187
4 30 73
4 31 247
4 32 279
4 33 299
4 34 65
4 35 88
4 36 236
4 37 315
4 38 237
4 39 347
4 40 210
4 41 217
4 42 106
4 43 261
4 44 139
4 45 311
4 46 13
4 47 301
4 48 213
4 49 164
4 50 242
4 51 251
4 52 244
4 53 72
4 54 226
4 55 386
4 56 210
4 57 20
4 58 11
4 59 273
4 60 356
4 61 73
4 62 315
4 63 148
4 64 351
4 65 137
5 6 44
5 7 192
5 8 251
5 9 123
5 10 23
5 11 398
5 12 102
5 13 82
5 14 18
5 15 279
5 16 60
5 17 368
5 18 396
5 19 18
5 20 230
5 21 215
5 22 362
5 23 250
5 24 272
5 25 241
5 26 99
5 27 179
5 28 16
5 29 256
5 30 217
5 31 110
5 32 339
5 33 88
5 34 73
5 35 203
5 36 122
5 37 124
5 38 197
5 39 318
5 40 102
5 41 6
5 42 175
5 43 245
5 44 111
5 45 27
5 46 297
5 47 265
5 48 155
5 49 302
5 50 363
5 51 276
5 52 397
5 53 228
5 54 261
5 55 354
5 56 236
5 57 216
5 58 85
5 59 187
5 60 150
5 61 128
5 62 171
5 63 271
5 64 341
5 65 208