125
1 6 38
1 7 160
1 8 212
1 9 336
1 10 273
1 11 288
1 12 268
1 13 59
1 14 393
1 15 143
1 16 298
1 17 320
1 18 186
1 19 10
1 20 263
1 21 375
1 22 178
1 23 243
1 24 41
1 25 43
1 26 87
1 27 72
1 28 294
1 29 168
1 30 124
1 31 214
1 32 13
1 33 89
1 34 112
1 35 233
1 36 2
1 37 315
1 38 391
1 39 7
1 40 152
1 41 214
1 42 254
1 43 287
1 44 84
1 45 381
1 46 89
1 47 220
1 48 31
1 49 260
1 50 207
1 51 334
1 52 108
1 53 305
1 54 264
1 55 331
1 56 203
1 57 262
1 58 22
1 59 225
1 60 397
1 61 110
1 62 354
1 63 336
1 64 329
1 65 86
1 66 136
1 67 390
1 68 94
1 69 366
1 70 69
1 71 282
1 72 282
1 73 304
1 74 256
1 75 301
1 76 75
1 77 96
1 78 135
1 79 62
1 80 164
1 81 212
1 82 379
1 83 269
1 84 338
1 85 166
1 86 367
1 87 66
1 88 271
1 89 8
1 90 333
1 91 223
1 92 39
1 93 248
1 94 170
1 95 275
1 96 233
1 97 228
1 98 27
1 99 305
1 100 208
1 101 335
1 102 40
1 103 368
1 104 275
1 105 245
1 106 207
1 107 308
1 108 378
1 109 395
1 110 348
1 111 141
1 112 274
1 113 106
1 114 7
1 115 254
1 116 290
1 117 78
1 118 111
1 119 368
1 120 351
1 121 122
1 122 198
1 123 296
1 124 349
1 125 94
2 6 397
2 7 87
2 8 55
2 9 156
2 10 354
2 11 193
2 12 321
2 13 215
2 14 182
2 15 17
2 16 171
2 17 141
2 18 164
2 19 362
2 20 377
2 21 311
2 22 223
2 23 192
2 24 241
2 25 62
2 26 27
2 27 313
2 28 116
2 29 304
2 30 63
2 31 286
2 32 353
2 33 67
2 34 153
2 35 294
2 36 375
2 37 234
2 38 66
2 39 325
2 40 57
2 41 102
2 42 147
2 43 352
2 44 231
2 45 174
2 46 57
2 47 309
2 48 250
2 49 49
2 50 342
2 51 105
2 52 79
2 53 315
2 54 168
2 55 321
2 56 281
2 57 55
2 58 397
2 59 85
2 60 224
2 61 181
2 62 39
2 63 66
2 64 222
2 65 28
2 66 28
2 67 48
2 68 12
2 69 193
2 70 161
2 71 339
2 72 40
2 73 121
2 74 169
2 75 197
2 76 154
2 77 283
2 78 168
2 79 260
2 80 392
2 81 185
2 82 189
2 83 391
2 84 310
2 85 256
2 86 335
2 87 263
2 88 145
2 89 254
2 90 343
2 91 60
2 92 142
2 93 20
2 94 31
2 95 326
2 96 142
2 97 317
2 98 249
2 99 269
2 100 118
2 101 206
2 102 371
2 103 251
2 104 44
2 105 157
2 106 105
2 107 56
2 108 196
2 109 359
2 110 396
2 111 150
2 112 380
2 113 188
2 114 210
2 115 190
2 116 84
2 117 286
2 118 157
2 119 250
2 120 291
2 121 283
2 122 16
2 123 309
2 124 213
2 125 38
3 6 144
3 7 176
3 8 265
3 9 269
3 10 39
3 11 87
3 12 395
3 13 278
3 14 31
3 15 275
3 16 141
3 17 316
3 18 237
3 19 241
3 20 43
3 21 121
3 22 299
3 23 291
3 24 303
3 25 387
3 26 75
3 27 357
3 28 98
3 29 300
3 30 105
3 31 18
3 32 277
3 33 389
3 34 129
3 35 248
3 36 175
3 37 163
3 38 192
3 39 330
3 40 247
3 41 341
3 42 47
3 43 213
3 44 4
3 45 260
3 46 157
3 47 229
3 48 275
3 49 123
3 50 76
3 51 280
3 52 9
3 53 234
3 54 352
3 55 195
3 56 217
3 57 6
3 58 147
3 59 260
3 60 72
3 61 67
3 62 268
3 63 264
3 64 64
3 65 212
3 66 288
3 67 350
3 68 178
3 69 226
3 70 170
3 71 299
3 72 111
3 73 284
3 74 216
3 75 207
3 76 89
3 77 206
3 78 374
3 79 328
3 80 325
3 81 197
3 82 127
3 83 149
3 84 20
3 85 33
3 86 400
3 87 174
3 88 50
3 89 252
3 90 383
3 91 83
3 92 46
3 93 394
3 94 108
3 95 386
3 96 251
3 97 81
3 98 200
3 99 61
3 100 295
3 101 300
3 102 115
3 103 90
3 104 186
3 105 203
3 106 218
3 107 77
3 108 49
3 109 12
3 110 353
3 111 115
3 112 44
3 113 80
3 114 156
3 115 273
3 116 261
3 117 295
3 118 341
3 119 268
3 120 130
3 121 61
3 122 169
3 123 58
3 124 76
3 125 298
4 6 372
4 7 313
4 8 208
4 9 52
4 10 190
4 11 318
4 12 54
4 13 232
4 14 245
4 15 17
4 16 273
4 17 329
4 18 253
4 19 215
4 20 38
4 21 215
4 22 374
4 23 176
4 24 16
4 25 68
4 26 93
4 27 226
4 28 131
4 29 339
4 30 310
4 31 54
4 32 224
4 33 162
4 34 88
4 35 337
4 36 41
4 37 170
4 38 377
4 39 278
4 40 37
4 41 68
4 42 188
4 43 233
4 44 230
4 45 79
4 46 119
4 47 151
4 48 137
4 49 351
4 50 218
4 51 293
4 52 190
4 53 359
4 54 365
4 55 118
4 56 265
4 57 154
4 58 26
4 59 97
4 60 24
4 61 254
4 62 27
4 63 306
4 64 69
4 65 35
4 66 181
4 67 48
4 68 174
4 69 275
4 70 325
4 71 303
4 72 148
4 73 330
4 74 345
4 75 7
4 76 193
4 77 200
4 78 146
4 79 132
4 80 317
4 81 212
4 82 200
4 83 335
4 84 66
4 85 227
4 86 31
4 87 253
4 88 383
4 89 250
4 90 106
4 91 327
4 92 346
4 93 176
4 94 253
4 95 330
4 96 105
4 97 87
4 98 150
4 99 207
4 100 323
4 101 349
4 102 223
4 103 253
4 104 83
4 105 30
4 106 77
4 107 350
4 108 125
4 109 332
4 110 109
4 111 368
4 112 20
4 113 49
4 114 352
4 115 45
4 116 10
4 117 212
4 118 387
4 119 93
4 120 233
4 121 27
4 122 245
4 123 202
4 124 226
4 125 240
5 6 227
5 7 164
5 8 372
5 9 151
5 10 198
5 11 374
5 12 96
5 13 239
5 14 63
5 15 185
5 16 91
5 17 119
5 18 161
5 19 360
5 20 99
5 21 18
5 22 368
5 23 195
5 24 357
5 25 190
5 26 185
5 27 375
5 28 286
5 29 81
5 30 130
5 31 110
5 32 80
5 33 214
5 34 83
5 35 260
5 36 344
5 37 263
5 38 101
5 39 346
5 40 318
5 41 314
5 42 314
5 43 30
5 44 381
5 45 97
5 46 110
5 47 58
5 48 355
5 49 269
5 50 300
5 51 347
5 52 107
5 53 275
5 54 99
5 55 85
5 56 9
5 57 114
5 58 75
5 59 198
5 60 309
5 61 371
5 62 195
5 63 312
5 64 60
5 65 162
5 66 125
5 67 251
5 68 4
5 69 364
5 70 172
5 71 146
5 72 223
5 73 89
5 74 188
5 75 333
5 76 289
5 77 285
5 78 243
5 79 295
5 80 197
5 81 377
5 82 262
5 83 305
5 84 92
5 85 295
5 86 255
5 87 174
5 88 24
5 89 134
5 90 190
5 91 96
5 92 153
5 93 98
5 94 302
5 95 276
5 96 213
5 97 248
5 98 265
5 99 313
5 100 125
5 101 104
5 102 79
5 103 134
5 104 174
5 105 12
5 106 3
5 107 60
5 108 117
5 109 200
5 110 150
5 111 186
5 112 39
5 113 67
5 114 72
5 115 208
5 116 320
5 117 309
5 118 363
5 119 263
5 120 26
5 121 177
5 122 395
5 123 303
5 124 240
5 125 149