205
1 6 90
1 7 294
1 8 295
1 9 133
1 10 266
1 11 380
1 12 99
1 13 358
1 14 34
1 15 78
1 16 332
1 17 225
1 18 360
1 19 207
1 20 90
1 21 72
1 22 81
1 23 134
1 24 164
1 25 390
1 26 95
1 27 391
1 28 356
1 29 98
1 30 27
1 31 114
1 32 102
1 33 388
1 34 159
1 35 314
1 36 49
1 37 23
1 38 280
1 39 329
1 40 121
1 41 191
1 42 378
1 43 210
1 44 212
1 45 174
1 46 388
1 47 199
1 48 60
1 49 2
1 50 5
1 51 156
1 52 244
1 53 320
1 54 175
1 55 204
1 56 351
1 57 71
1 58 74
1 59 138
1 60 317
1 61 270
1 62 205
1 63 218
1 64 279
1 65 16
1 66 393
1 67 178
1 68 221
1 69 202
1 70 326
1 71 267
1 72 110
1 73 193
1 74 338
1 75 284
1 76 248
1 77 121
1 78 39
1 79 313
1 80 64
1 81 340
1 82 317
1 83 344
1 84 229
1 85 248
1 86 96
1 87 132
1 88 304
1 89 340
1 90 83
1 91 21
1 92 270
1 93 131
1 94 52
1 95 96
1 96 337
1 97 354
1 98 290
1 99 251
1 100 356
1 101 95
1 102 205
1 103 148
1 104 366
1 105 83
1 106 173
1 107 258
1 108 200
1 109 49
1 110 229
1 111 364
1 112 338
1 113 287
1 114 281
1 115 41
1 116 19
1 117 53
1 118 238
1 119 360
1 120 64
1 121 4
1 122 225
1 123 288
1 124 367
1 125 153
1 126 314
1 127 42
1 128 188
1 129 129
1 130 34
1 131 46
1 132 268
1 133 175
1 134 132
1 135 76
1 136 128
1 137 364
1 138 64
1 139 269
1 140 12
1 141 318
1 142 373
1 143 296
1 144 313
1 145 380
1 146 176
1 147 136
1 148 7
1 149 209
1 150 176
1 151 158
1 152 7
1 153 160
1 154 364
1 155 100
1 156 312
1 157 279
1 158 215
1 159 82
1 160 112
1 161 358
1 162 34
1 163 228
1 164 398
1 165 113
1 166 3
1 167 91
1 168 141
1 169 196
1 170 293
1 171 371
1 172 380
1 173 328
1 174 64
1 175 85
1 176 252
1 177 115
1 178 42
1 179 366
1 180 345
1 181 164
1 182 126
1 183 400
1 184 13
1 185 31
1 186 60
1 187 103
1 188 161
1 189 197
1 190 385
1 191 206
1 192 293
1 193 281
1 194 361
1 195 339
1 196 370
1 197 398
1 198 258
1 199 329
1 200 285
1 201 229
1 202 99
1 203 365
1 204 223
1 205 181
2 6 76
2 7 203
2 8 356
2 9 75
2 10 48
2 11 17
2 12 33
2 13 69
2 14 384
2 15 20
2 16 361
2 17 362
2 18 170
2 19 322
2 20 193
2 21 269
2 22 370
2 23 72
2 24 50
2 25 193
2 26 15
2 27 373
2 28 95
2 29 318
2 30 218
2 31 126
2 32 312
2 33 36
2 34 18
2 35 371
2 36 79
2 37 96
2 38 260
2 39 258
2 40 201
2 41 173
2 42 25
2 43 123
2 44 390
2 45 221
2 46 127
2 47 388
2 48 372
2 49 56
2 50 141
2 51 334
2 52 337
2 53 292
2 54 193
2 55 71
2 56 176
2 57 118
2 58 157
2 59 273
2 60 207
2 61 72
2 62 210
2 63 19
2 64 374
2 65 284
2 66 347
2 67 190
2 68 2
2 69 191
2 70 109
2 71 291
2 72 290
2 73 273
2 74 397
2 75 67
2 76 194
2 77 356
2 78 307
2 79 39
2 80 135
2 81 307
2 82 253
2 83 65
2 84 377
2 85 309
2 86 23
2 87 355
2 88 296
2 89 34
2 90 74
2 91 30
2 92 120
2 93 133
2 94 210
2 95 238
2 96 95
2 97 226
2 98 213
2 99 36
2 100 337
2 101 395
2 102 65
2 103 68
2 104 41
2 105 366
2 106 117
2 107 49
2 108 203
2 109 81
2 110 18
2 111 373
2 112 71
2 113 64
2 114 179
2 115 21
2 116 17
2 117 102
2 118 171
2 119 180
2 120 271
2 121 10
2 122 286
2 123 118
2 124 339
2 125 12
2 126 371
2 127 152
2 128 266
2 129 177
2 130 200
2 131 143
2 132 148
2 133 75
2 134 279
2 135 30
2 136 196
2 137 300
2 138 199
2 139 284
2 140 298
2 141 380
2 142 6
2 143 54
2 144 79
2 145 137
2 146 150
2 147 224
2 148 113
2 149 159
2 150 261
2 151 65
2 152 304
2 153 73
2 154 370
2 155 192
2 156 88
2 157 198
2 158 124
2 159 394
2 160 384
2 161 207
2 162 157
2 163 358
2 164 82
2 165 343
2 166 215
2 167 346
2 168 108
2 169 180
2 170 222
2 171 334
2 172 215
2 173 78
2 174 54
2 175 114
2 176 86
2 177 390
2 178 30
2 179 316
2 180 240
2 181 345
2 182 30
2 183 196
2 184 130
2 185 373
2 186 332
2 187 292
2 188 111
2 189 250
2 190 245
2 191 58
2 192 249
2 193 308
2 194 27
2 195 240
2 196 245
2 197 217
2 198 346
2 199 382
2 200 233
2 201 270
2 202 319
2 203 14
2 204 137
2 205 239
3 6 363
3 7 17
3 8 195
3 9 46
3 10 244
3 11 48
3 12 328
3 13 364
3 14 156
3 15 357
3 16 220
3 17 150
3 18 375
3 19 170
3 20 271
3 21 305
3 22 87
3 23 210
3 24 397
3 25 233
3 26 282
3 27 7
3 28 323
3 29 119
3 30 327
3 31 372
3 32 259
3 33 321
3 34 292
3 35 52
3 36 42
3 37 166
3 38 108
3 39 27
3 40 143
3 41 154
3 42 175
3 43 324
3 44 127
3 45 191
3 46 266
3 47 330
3 48 183
3 49 5
3 50 328
3 51 362
3 52 386
3 53 3
3 54 217
3 55 376
3 56 100
3 57 358
3 58 387
3 59 50
3 60 261
3 61 345
3 62 86
3 63 51
3 64 82
3 65 246
3 66 100
3 67 56
3 68 352
3 69 108
3 70 177
3 71 136
3 72 370
3 73 114
3 74 71
3 75 95
3 76 238
3 77 346
3 78 29
3 79 364
3 80 299
3 81 26
3 82 249
3 83 188
3 84 190
3 85 295
3 86 211
3 87 54
3 88 165
3 89 114
3 90 268
3 91 345
3 92 387
3 93 104
3 94 400
3 95 114
3 96 397
3 97 276
3 98 200
3 99 323
3 100 148
3 101 248
3 102 370
3 103 240
3 104 20
3 105 157
3 106 4
3 107 331
3 108 317
3 109 23
3 110 127
3 111 275
3 112 48
3 113 92
3 114 257
3 115 216
3 116 140
3 117 69
3 118 158
3 119 35
3 120 105
3 121 358
3 122 16
3 123 52
3 124 180
3 125 107
3 126 156
3 127 27
3 128 237
3 129 340
3 130 38
3 131 59
3 132 398
3 133 83
3 134 264
3 135 331
3 136 173
3 137 99
3 138 47
3 139 47
3 140 371
3 141 251
3 142 151
3 143 7
3 144 318
3 145 307
3 146 232
3 147 327
3 148 211
3 149 391
3 150 289
3 151 279
3 152 200
3 153 137
3 154 180
3 155 379
3 156 114
3 157 76
3 158 386
3 159 53
3 160 74
3 161 318
3 162 296
3 163 121
3 164 85
3 165 213
3 166 314
3 167 34
3 168 244
3 169 285
3 170 95
3 171 275
3 172 297
3 173 209
3 174 141
3 175 177
3 176 92
3 177 201
3 178 151
3 179 287
3 180 301
3 181 98
3 182 84
3 183 42
3 184 138
3 185 356
3 186 338
3 187 182
3 188 339
3 189 368
3 190 266
3 191 152
3 192 380
3 193 249
3 194 246
3 195 117
3 196 83
3 197 277
3 198 320
3 199 107
3 200 355
3 201 147
3 202 109
3 203 31
3 204 376
3 205 207
4 6 378
4 7 391
4 8 99
4 9 355
4 10 149
4 11 9
4 12 224
4 13 369
4 14 400
4 15 115
4 16 103
4 17 143
4 18 97
4 19 333
4 20 64
4 21 353
4 22 285
4 23 220
4 24 331
4 25 397
4 26 86
4 27 136
4 28 350
4 29 27
4 30 195
4 31 240
4 32 192
4 33 140
4 34 208
4 35 44
4 36 374
4 37 333
4 38 389
4 39 195
4 40 331
4 41 348
4 42 27
4 43 126
4 44 150
4 45 122
4 46 267
4 47 188
4 48 54
4 49 385
4 50 25
4 51 120
4 52 385
4 53 7
4 54 274
4 55 249
4 56 238
4 57 52
4 58 82
4 59 280
4 60 399
4 61 385
4 62 362
4 63 119
4 64 84
4 65 49
4 66 208
4 67 160
4 68 347
4 69 52
4 70 246
4 71 299
4 72 220
4 73 10
4 74 175
4 75 148
4 76 165
4 77 85
4 78 335
4 79 317
4 80 353
4 81 354
4 82 51
4 83 15
4 84 382
4 85 10
4 86 114
4 87 231
4 88 318
4 89 355
4 90 258
4 91 239
4 92 126
4 93 12
4 94 189
4 95 202
4 96 390
4 97 9
4 98 85
4 99 340
4 100 369
4 101 332
4 102 166
4 103 377
4 104 366
4 105 165
4 106 283
4 107 37
4 108 277
4 109 123
4 110 260
4 111 252
4 112 62
4 113 123
4 114 166
4 115 203
4 116 254
4 117 320
4 118 324
4 119 158
4 120 323
4 121 277
4 122 396
4 123 179
4 124 19
4 125 183
4 126 389
4 127 239
4 128 112
4 129 285
4 130 344
4 131 128
4 132 335
4 133 348
4 134 44
4 135 67
4 136 72
4 137 262
4 138 166
4 139 135
4 140 384
4 141 180
4 142 209
4 143 82
4 144 182
4 145 212
4 146 123
4 147 18
4 148 91
4 149 68
4 150 240
4 151 118
4 152 309
4 153 143
4 154 378
4 155 254
4 156 246
4 157 39
4 158 185
4 159 384
4 160 216
4 161 261
4 162 320
4 163 285
4 164 188
4 165 221
4 166 352
4 167 147
4 168 212
4 169 5
4 170 169
4 171 4
4 172 333
4 173 135
4 174 30
4 175 23
4 176 16
4 177 4
4 178 200
4 179 78
4 180 331
4 181 156
4 182 206
4 183 135
4 184 300
4 185 172
4 186 148
4 187 295
4 188 366
4 189 167
4 190 113
4 191 388
4 192 375
4 193 248
4 194 37
4 195 17
4 196 65
4 197 6
4 198 43
4 199 352
4 200 296
4 201 89
4 202 331
4 203 83
4 204 355
4 205 45
5 6 147
5 7 195
5 8 38
5 9 4
5 10 375
5 11 181
5 12 103
5 13 65
5 14 247
5 15 330
5 16 224
5 17 2
5 18 304
5 19 86
5 20 356
5 21 93
5 22 22
5 23 35
5 24 197
5 25 47
5 26 288
5 27 182
5 28 86
5 29 336
5 30 212
5 31 386
5 32 237
5 33 267
5 34 52
5 35 396
5 36 139
5 37 173
5 38 297
5 39 47
5 40 222
5 41 76
5 42 384
5 43 145
5 44 151
5 45 346
5 46 130
5 47 389
5 48 312
5 49 265
5 50 248
5 51 290
5 52 48
5 53 17
5 54 302
5 55 5
5 56 26
5 57 81
5 58 56
5 59 386
5 60 354
5 61 50
5 62 131
5 63 385
5 64 250
5 65 82
5 66 61
5 67 215
5 68 61
5 69 288
5 70 327
5 71 225
5 72 18
5 73 339
5 74 89
5 75 264
5 76 274
5 77 223
5 78 135
5 79 66
5 80 333
5 81 250
5 82 371
5 83 357
5 84 90
5 85 12
5 86 324
5 87 82
5 88 110
5 89 134
5 90 85
5 91 351
5 92 399
5 93 261
5 94 288
5 95 53
5 96 89
5 97 135
5 98 381
5 99 396
5 100 144
5 101 301
5 102 197
5 103 147
5 104 72
5 105 337
5 106 220
5 107 20
5 108 162
5 109 234
5 110 287
5 111 343
5 112 23
5 113 237
5 114 362
5 115 214
5 116 121
5 117 326
5 118 269
5 119 178
5 120 232
5 121 280
5 122 16
5 123 116
5 124 99
5 125 225
5 126 180
5 127 22
5 128 176
5 129 50
5 130 396
5 131 243
5 132 206
5 133 365
5 134 44
5 135 123
5 136 136
5 137 271
5 138 96
5 139 140
5 140 317
5 141 17
5 142 289
5 143 206
5 144 190
5 145 361
5 146 100
5 147 141
5 148 231
5 149 214
5 150 131
5 151 205
5 152 113
5 153 13
5 154 352
5 155 265
5 156 151
5 157 333
5 158 246
5 159 92
5 160 136
5 161 42
5 162 386
5 163 276
5 164 109
5 165 71
5 166 83
5 167 99
5 168 236
5 169 101
5 170 334
5 171 104
5 172 300
5 173 252
5 174 21
5 175 269
5 176 345
5 177 183
5 178 265
5 179 130
5 180 362
5 181 373
5 182 381
5 183 43
5 184 145
5 185 253
5 186 221
5 187 134
5 188 211
5 189 322
5 190 143
5 191 31
5 192 265
5 193 183
5 194 328
5 195 327
5 196 310
5 197 53
5 198 274
5 199 354
5 200 26
5 201 42
5 202 77
5 203 335
5 204 23
5 205 132