165
1 6 386
1 7 252
1 8 345
1 9 308
1 10 384
1 11 335
1 12 377
1 13 89
1 14 177
1 15 192
1 16 255
1 17 232
1 18 92
1 19 151
1 20 72
1 21 271
1 22 345
1 23 123
1 24 198
1 25 351
1 26 3
1 27 269
1 28 206
1 29 274
1 30 381
1 31 357
1 32 81
1 33 223
1 34 99
1 35 381
1 36 281
1 37 187
1 38 131
1 39 222
1 40 343
1 41 146
1 42 92
1 43 312
1 44 186
1 45 391
1 46 358
1 47 198
1 48 18
1 49 344
1 50 50
1 51 368
1 52 389
1 53 358
1 54 355
1 55 130
1 56 146
1 57 211
1 58 28
1 59 46
1 60 165
1 61 173
1 62 60
1 63 334
1 64 123
1 65 218
1 66 312
1 67 28
1 68 342
1 69 228
1 70 360
1 71 389
1 72 99
1 73 151
1 74 5
1 75 123
1 76 377
1 77 40
1 78 336
1 79 315
1 80 21
1 81 9
1 82 263
1 83 223
1 84 212
1 85 26
1 86 388
1 87 148
1 88 96
1 89 2
1 90 246
1 91 254
1 92 63
1 93 287
1 94 68
1 95 42
1 96 392
1 97 170
1 98 79
1 99 372
1 100 200
1 101 270
1 102 39
1 103 75
1 104 180
1 105 10
1 106 17
1 107 274
1 108 336
1 109 181
1 110 296
1 111 104
1 112 207
1 113 354
1 114 306
1 115 170
1 116 60
1 117 245
1 118 308
1 119 136
1 120 360
1 121 148
1 122 376
1 123 165
1 124 148
1 125 225
1 126 45
1 127 66
1 128 290
1 129 327
1 130 16
1 131 222
1 132 295
1 133 354
1 134 202
1 135 311
1 136 244
1 137 52
1 138 138
1 139 164
1 140 213
1 141 118
1 142 357
1 143 342
1 144 9
1 145 380
1 146 171
1 147 299
1 148 356
1 149 364
1 150 379
1 151 69
1 152 369
1 153 80
1 154 346
1 155 11
1 156 108
1 157 218
1 158 352
1 159 207
1 160 143
1 161 376
1 162 19
1 163 48
1 164 235
1 165 248
2 6 40
2 7 16
2 8 329
2 9 13
2 10 119
2 11 329
2 12 97
2 13 242
2 14 127
2 15 251
2 16 75
2 17 126
2 18 58
2 19 233
2 20 293
2 21 265
2 22 322
2 23 373
2 24 341
2 25 239
2 26 164
2 27 297
2 28 399
2 29 355
2 30 148
2 31 215
2 32 392
2 33 277
2 34 129
2 35 387
2 36 363
2 37 343
2 38 138
2 39 256
2 40 364
2 41 268
2 42 193
2 43 168
2 44 12
2 45 305
2 46 15
2 47 209
2 48 141
2 49 177
2 50 280
2 51 124
2 52 135
2 53 116
2 54 289
2 55 287
2 56 378
2 57 104
2 58 287
2 59 85
2 60 180
2 61 115
2 62 321
2 63 388
2 64 101
2 65 167
2 66 97
2 67 112
2 68 129
2 69 151
2 70 343
2 71 78
2 72 229
2 73 265
2 74 399
2 75 315
2 76 286
2 77 317
2 78 220
2 79 302
2 80 199
2 81 221
2 82 28
2 83 60
2 84 82
2 85 244
2 86 222
2 87 235
2 88 73
2 89 260
2 90 242
2 91 8
2 92 148
2 93 3
2 94 384
2 95 141
2 96 253
2 97 390
2 98 219
2 99 157
2 100 83
2 101 113
2 102 167
2 103 146
2 104 124
2 105 397
2 106 57
2 107 201
2 108 351
2 109 107
2 110 238
2 111 172
2 112 225
2 113 121
2 114 271
2 115 225
2 116 301
2 117 34
2 118 131
2 119 321
2 120 201
2 121 170
2 122 373
2 123 331
2 124 103
2 125 379
2 126 248
2 127 233
2 128 218
2 129 361
2 130 104
2 131 324
2 132 314
2 133 93
2 134 179
2 135 340
2 136 105
2 137 96
2 138 167
2 139 154
2 140 38
2 141 166
2 142 126
2 143 370
2 144 146
2 145 13
2 146 88
2 147 371
2 148 34
2 149 326
2 150 215
2 151 265
2 152 260
2 153 67
2 154 1
2 155 84
2 156 245
2 157 194
2 158 17
2 159 114
2 160 18
2 161 105
2 162 303
2 163 379
2 164 109
2 165 306
3 6 177
3 7 188
3 8 307
3 9 297
3 10 306
3 11 6
3 12 188
3 13 308
3 14 35
3 15 199
3 16 179
3 17 242
3 18 271
3 19 346
3 20 87
3 21 151
3 22 339
3 23 171
3 24 32
3 25 295
3 26 157
3 27 29
3 28 182
3 29 288
3 30 356
3 31 143
3 32 62
3 33 254
3 34 248
3 35 124
3 36 166
3 37 201
3 38 92
3 39 66
3 40 228
3 41 49
3 42 193
3 43 86
3 44 73
3 45 301
3 46 213
3 47 181
3 48 92
3 49 96
3 50 124
3 51 334
3 52 373
3 53 333
3 54 157
3 55 223
3 56 22
3 57 269
3 58 385
3 59 125
3 60 353
3 61 31
3 62 359
3 63 296
3 64 246
3 65 111
3 66 348
3 67 253
3 68 379
3 69 9
3 70 41
3 71 270
3 72 146
3 73 335
3 74 29
3 75 384
3 76 37
3 77 42
3 78 332
3 79 115
3 80 309
3 81 30
3 82 328
3 83 215
3 84 307
3 85 17
3 86 160
3 87 157
3 88 318
3 89 46
3 90 342
3 91 268
3 92 271
3 93 244
3 94 149
3 95 165
3 96 49
3 97 324
3 98 290
3 99 200
3 100 118
3 101 155
3 102 210
3 103 72
3 104 357
3 105 252
3 106 157
3 107 29
3 108 392
3 109 115
3 110 65
3 111 249
3 112 37
3 113 213
3 114 42
3 115 238
3 116 75
3 117 107
3 118 225
3 119 253
3 120 64
3 121 289
3 122 291
3 123 81
3 124 120
3 125 74
3 126 243
3 127 126
3 128 377
3 129 246
3 130 338
3 131 260
3 132 349
3 133 391
3 134 110
3 135 265
3 136 119
3 137 400
3 138 233
3 139 245
3 140 89
3 141 63
3 142 107
3 143 319
3 144 6
3 145 316
3 146 170
3 147 345
3 148 131
3 149 98
3 150 330
3 151 279
3 152 20
3 153 303
3 154 144
3 155 358
3 156 148
3 157 359
3 158 251
3 159 235
3 160 116
3 161 237
3 162 37
3 163 361
3 164 312
3 165 20
4 6 213
4 7 55
4 8 335
4 9 354
4 10 89
4 11 257
4 12 82
4 13 118
4 14 19
4 15 237
4 16 94
4 17 156
4 18 129
4 19 49
4 20 133
4 21 175
4 22 210
4 23 116
4 24 369
4 25 367
4 26 293
4 27 354
4 28 11
4 29 227
4 30 148
4 31 164
4 32 107
4 33 400
4 34 305
4 35 399
4 36 385
4 37 106
4 38 288
4 39 363
4 40 196
4 41 394
4 42 6
4 43 87
4 44 57
4 45 306
4 46 320
4 47 268
4 48 38
4 49 253
4 50 278
4 51 95
4 52 7
4 53 314
4 54 129
4 55 58
4 56 80
4 57 234
4 58 203
4 59 93
4 60 132
4 61 231
4 62 166
4 63 1
4 64 278
4 65 40
4 66 81
4 67 398
4 68 47
4 69 306
4 70 262
4 71 62
4 72 15
4 73 146
4 74 7
4 75 257
4 76 375
4 77 72
4 78 26
4 79 290
4 80 326
4 81 70
4 82 258
4 83 89
4 84 386
4 85 346
4 86 384
4 87 387
4 88 9
4 89 295
4 90 153
4 91 127
4 92 73
4 93 347
4 94 138
4 95 282
4 96 77
4 97 76
4 98 170
4 99 318
4 100 345
4 101 228
4 102 127
4 103 70
4 104 56
4 105 303
4 106 324
4 107 389
4 108 131
4 109 291
4 110 345
4 111 264
4 112 229
4 113 208
4 114 315
4 115 377
4 116 269
4 117 295
4 118 326
4 119 261
4 120 196
4 121 287
4 122 136
4 123 80
4 124 64
4 125 342
4 126 119
4 127 296
4 128 71
4 129 197
4 130 230
4 131 183
4 132 232
4 133 343
4 134 36
4 135 157
4 136 7
4 137 140
4 138 6
4 139 269
4 140 359
4 141 89
4 142 86
4 143 134
4 144 13
4 145 178
4 146 347
4 147 262
4 148 194
4 149 42
4 150 139
4 151 26
4 152 137
4 153 282
4 154 350
4 155 169
4 156 338
4 157 240
4 158 262
4 159 241
4 160 14
4 161 298
4 162 396
4 163 49
4 164 164
4 165 276
5 6 268
5 7 42
5 8 67
5 9 399
5 10 275
5 11 48
5 12 25
5 13 18
5 14 312
5 15 261
5 16 52
5 17 132
5 18 393
5 19 151
5 20 167
5 21 59
5 22 136
5 23 73
5 24 111
5 25 95
5 26 246
5 27 112
5 28 166
5 29 291
5 30 13
5 31 271
5 32 312
5 33 21
5 34 212
5 35 341
5 36 132
5 37 179
5 38 31
5 39 356
5 40 166
5 41 32
5 42 70
5 43 246
5 44 34
5 45 359
5 46 151
5 47 219
5 48 51
5 49 160
5 50 238
5 51 150
5 52 165
5 53 241
5 54 52
5 55 377
5 56 287
5 57 183
5 58 277
5 59 94
5 60 54
5 61 165
5 62 214
5 63 248
5 64 126
5 65 139
5 66 135
5 67 9
5 68 98
5 69 123
5 70 262
5 71 149
5 72 278
5 73 200
5 74 68
5 75 310
5 76 330
5 77 176
5 78 60
5 79 98
5 80 194
5 81 60
5 82 177
5 83 362
5 84 100
5 85 341
5 86 23
5 87 228
5 88 353
5 89 73
5 90 117
5 91 331
5 92 344
5 93 126
5 94 105
5 95 390
5 96 136
5 97 374
5 98 268
5 99 310
5 100 260
5 101 340
5 102 24
5 103 388
5 104 268
5 105 334
5 106 231
5 107 26
5 108 121
5 109 228
5 110 190
5 111 304
5 112 121
5 113 272
5 114 250
5 115 59
5 116 156
5 117 334
5 118 377
5 119 1
5 120 381
5 121 206
5 122 13
5 123 240
5 124 85
5 125 359
5 126 12
5 127 159
5 128 173
5 129 286
5 130 155
5 131 229
5 132 51
5 133 119
5 134 45
5 135 185
5 136 320
5 137 44
5 138 358
5 139 73
5 140 391
5 141 332
5 142 85
5 143 127
5 144 159
5 145 277
5 146 209
5 147 273
5 148 52
5 149 389
5 150 371
5 151 248
5 152 267
5 153 221
5 154 21
5 155 131
5 156 389
5 157 343
5 158 233
5 159 237
5 160 359
5 161 74
5 162 157
5 163 316
5 164 343
5 165 108