45
1 6 203
1 7 166
1 8 159
1 9 251
1 10 224
1 11 214
1 12 288
1 13 177
1 14 232
1 15 4
1 16 138
1 17 166
1 18 331
1 19 260
1 20 94
1 21 378
1 22 265
1 23 118
1 24 350
1 25 89
1 26 95
1 27 72
1 28 144
1 29 273
1 30 214
1 31 58
1 32 19
1 33 288
1 34 350
1 35 98
1 36 68
1 37 178
1 38 25
1 39 144
1 40 98
1 41 9
1 42 74
1 43 196
1 44 305
1 45 365
2 6 32
2 7 239
2 8 268
2 9 247
2 10 142
2 11 360
2 12 175
2 13 40
2 14 269
2 15 160
2 16 132
2 17 63
2 18 243
2 19 103
2 20 44
2 21 347
2 22 182
2 23 128
2 24 33
2 25 78
2 26 396
2 27 307
2 28 329
2 29 339
2 30 325
2 31 291
2 32 349
2 33 353
2 34 363
2 35 367
2 36 107
2 37 335
2 38 136
2 39 220
2 40 105
2 41 395
2 42 281
2 43 194
2 44 395
2 45 326
3 6 290
3 7 21
3 8 182
3 9 242
3 10 306
3 11 392
3 12 38
3 13 47
3 14 232
3 15 301
3 16 29
3 17 194
3 18 38
3 19 48
3 20 285
3 21 343
3 22 293
3 23 197
3 24 296
3 25 9
3 26 186
3 27 31
3 28 342
3 29 175
3 30 375
3 31 2
3 32 199
3 33 105
3 34 117
3 35 347
3 36 393
3 37 331
3 38 128
3 39 351
3 40 348
3 41 281
3 42 51
3 43 193
3 44 20
3 45 5
4 6 230
4 7 72
4 8 207
4 9 68
4 10 133
4 11 368
4 12 216
4 13 183
4 14 147
4 15 336
4 16 315
4 17 121
4 18 383
4 19 92
4 20 58
4 21 325
4 22 214
4 23 59
4 24 191
4 25 282
4 26 265
4 27 300
4 28 386
4 29 112
4 30 352
4 31 180
4 32 94
4 33 237
4 34 159
4 35 124
4 36 127
4 37 308
4 38 167
4 39 57
4 40 383
4 41 78
4 42 384
4 43 251
4 44 1
4 45 107
5 6 199
5 7 362
5 8 29
5 9 266
5 10 275
5 11 350
5 12 142
5 13 87
5 14 108
5 15 46
5 16 376
5 17 69
5 18 317
5 19 267
5 20 254
5 21 77
5 22 185
5 23 222
5 24 307
5 25 245
5 26 284
5 27 271
5 28 95
5 29 36
5 30 132
5 31 216
5 32 292
5 33 133
5 34 208
5 35 41
5 36 226
5 37 123
5 38 87
5 39 13
5 40 120
5 41 132
5 42 156
5 43 141
5 44 315
5 45 352