85
1 6 288
1 7 280
1 8 275
1 9 105
1 10 259
1 11 5
1 12 107
1 13 3
1 14 349
1 15 394
1 16 292
1 17 111
1 18 85
1 19 81
1 20 67
1 21 16
1 22 205
1 23 22
1 24 13
1 25 307
1 26 386
1 27 160
1 28 113
1 29 12
1 30 244
1 31 274
1 32 185
1 33 272
1 34 23
1 35 221
1 36 157
1 37 245
1 38 184
1 39 281
1 40 328
1 41 343
1 42 388
1 43 260
1 44 287
1 45 92
1 46 38
1 47 105
1 48 128
1 49 186
1 50 175
1 51 20
1 52 7
1 53 263
1 54 315
1 55 357
1 56 55
1 57 273
1 58 321
1 59 355
1 60 23
1 61 240
1 62 347
1 63 100
1 64 218
1 65 153
1 66 168
1 67 186
1 68 212
1 69 4
1 70 318
1 71 288
1 72 250
1 73 112
1 74 35
1 75 309
1 76 329
1 77 373
1 78 206
1 79 232
1 80 41
1 81 170
1 82 138
1 83 357
1 84 275
1 85 120
2 6 43
2 7 126
2 8 161
2 9 239
2 10 211
2 11 398
2 12 326
2 13 136
2 14 119
2 15 10
2 16 206
2 17 74
2 18 30
2 19 313
2 20 182
2 21 337
2 22 330
2 23 118
2 24 319
2 25 156
2 26 218
2 27 163
2 28 207
2 29 117
2 30 334
2 31 95
2 32 233
2 33 295
2 34 61
2 35 251
2 36 190
2 37 91
2 38 36
2 39 282
2 40 36
2 41 83
2 42 176
2 43 88
2 44 374
2 45 27
2 46 398
2 47 13
2 48 220
2 49 189
2 50 80
2 51 305
2 52 220
2 53 20
2 54 339
2 55 258
2 56 65
2 57 355
2 58 223
2 59 147
2 60 123
2 61 278
2 62 255
2 63 392
2 64 375
2 65 329
2 66 337
2 67 351
2 68 97
2 69 296
2 70 160
2 71 49
2 72 263
2 73 151
2 74 304
2 75 218
2 76 383
2 77 227
2 78 41
2 79 20
2 80 172
2 81 344
2 82 232
2 83 123
2 84 301
2 85 181
3 6 226
3 7 205
3 8 23
3 9 221
3 10 107
3 11 352
3 12 340
3 13 159
3 14 119
3 15 120
3 16 188
3 17 136
3 18 94
3 19 361
3 20 339
3 21 135
3 22 69
3 23 394
3 24 34
3 25 322
3 26 154
3 27 235
3 28 266
3 29 295
3 30 96
3 31 24
3 32 23
3 33 389
3 34 332
3 35 350
3 36 130
3 37 364
3 38 351
3 39 126
3 40 9
3 41 98
3 42 198
3 43 320
3 44 83
3 45 376
3 46 398
3 47 57
3 48 270
3 49 348
3 50 300
3 51 144
3 52 316
3 53 128
3 54 300
3 55 190
3 56 254
3 57 235
3 58 87
3 59 148
3 60 127
3 61 271
3 62 27
3 63 353
3 64 276
3 65 171
3 66 262
3 67 163
3 68 273
3 69 193
3 70 98
3 71 334
3 72 320
3 73 362
3 74 392
3 75 187
3 76 239
3 77 329
3 78 286
3 79 387
3 80 231
3 81 30
3 82 386
3 83 221
3 84 260
3 85 140
4 6 348
4 7 116
4 8 242
4 9 204
4 10 335
4 11 220
4 12 164
4 13 115
4 14 17
4 15 342
4 16 11
4 17 2
4 18 108
4 19 194
4 20 261
4 21 77
4 22 35
4 23 212
4 24 259
4 25 190
4 26 88
4 27 347
4 28 352
4 29 234
4 30 93
4 31 366
4 32 159
4 33 308
4 34 26
4 35 103
4 36 164
4 37 385
4 38 191
4 39 228
4 40 22
4 41 268
4 42 266
4 43 172
4 44 243
4 45 267
4 46 75
4 47 336
4 48 324
4 49 162
4 50 294
4 51 130
4 52 147
4 53 70
4 54 185
4 55 185
4 56 11
4 57 52
4 58 223
4 59 181
4 60 302
4 61 355
4 62 84
4 63 257
4 64 252
4 65 280
4 66 26
4 67 359
4 68 179
4 69 296
4 70 395
4 71 56
4 72 370
4 73 67
4 74 384
4 75 283
4 76 83
4 77 47
4 78 257
4 79 86
4 80 184
4 81 227
4 82 14
4 83 187
4 84 149
4 85 245
5 6 158
5 7 85
5 8 270
5 9 358
5 10 37
5 11 163
5 12 290
5 13 140
5 14 11
5 15 132
5 16 120
5 17 368
5 18 299
5 19 212
5 20 89
5 21 154
5 22 378
5 23 134
5 24 335
5 25 73
5 26 265
5 27 322
5 28 204
5 29 263
5 30 107
5 31 17
5 32 110
5 33 141
5 34 363
5 35 103
5 36 114
5 37 259
5 38 280
5 39 319
5 40 342
5 41 10
5 42 338
5 43 125
5 44 83
5 45 286
5 46 10
5 47 272
5 48 187
5 49 70
5 50 357
5 51 215
5 52 271
5 53 317
5 54 146
5 55 38
5 56 180
5 57 326
5 58 316
5 59 281
5 60 119
5 61 300
5 62 289
5 63 328
5 64 127
5 65 312
5 66 4
5 67 171
5 68 114
5 69 278
5 70 368
5 71 368
5 72 314
5 73 282
5 74 238
5 75 155
5 76 73
5 77 367
5 78 41
5 79 93
5 80 283
5 81 240
5 82 352
5 83 72
5 84 28
5 85 267