105
1 6 313
1 7 18
1 8 361
1 9 291
1 10 341
1 11 125
1 12 266
1 13 86
1 14 262
1 15 400
1 16 83
1 17 80
1 18 379
1 19 282
1 20 28
1 21 72
1 22 349
1 23 305
1 24 237
1 25 243
1 26 400
1 27 171
1 28 197
1 29 37
1 30 278
1 31 400
1 32 349
1 33 40
1 34 86
1 35 63
1 36 280
1 37 203
1 38 347
1 39 385
1 40 350
1 41 348
1 42 223
1 43 59
1 44 281
1 45 249
1 46 138
1 47 312
1 48 144
1 49 164
1 50 54
1 51 278
1 52 114
1 53 357
1 54 325
1 55 175
1 56 197
1 57 180
1 58 132
1 59 347
1 60 304
1 61 247
1 62 321
1 63 196
1 64 165
1 65 24
1 66 300
1 67 10
1 68 275
1 69 251
1 70 378
1 71 200
1 72 315
1 73 126
1 74 400
1 75 247
1 76 289
1 77 338
1 78 286
1 79 161
1 80 166
1 81 138
1 82 281
1 83 137
1 84 324
1 85 82
1 86 237
1 87 105
1 88 9
1 89 305
1 90 339
1 91 172
1 92 295
1 93 369
1 94 320
1 95 45
1 96 43
1 97 271
1 98 302
1 99 144
1 100 269
1 101 334
1 102 367
1 103 239
1 104 247
1 105 177
2 6 238
2 7 279
2 8 74
2 9 361
2 10 377
2 11 325
2 12 141
2 13 155
2 14 300
2 15 363
2 16 168
2 17 230
2 18 159
2 19 263
2 20 224
2 21 323
2 22 356
2 23 86
2 24 307
2 25 158
2 26 73
2 27 133
2 28 183
2 29 100
2 30 21
2 31 264
2 32 77
2 33 333
2 34 400
2 35 399
2 36 124
2 37 92
2 38 115
2 39 181
2 40 123
2 41 245
2 42 211
2 43 330
2 44 351
2 45 239
2 46 264
2 47 292
2 48 263
2 49 41
2 50 227
2 51 2
2 52 179
2 53 82
2 54 335
2 55 65
2 56 44
2 57 387
2 58 214
2 59 227
2 60 304
2 61 240
2 62 263
2 63 44
2 64 285
2 65 352
2 66 295
2 67 318
2 68 208
2 69 376
2 70 23
2 71 40
2 72 62
2 73 15
2 74 116
2 75 186
2 76 323
2 77 221
2 78 36
2 79 124
2 80 264
2 81 149
2 82 271
2 83 320
2 84 299
2 85 101
2 86 172
2 87 214
2 88 282
2 89 59
2 90 398
2 91 78
2 92 383
2 93 58
2 94 351
2 95 83
2 96 147
2 97 382
2 98 332
2 99 358
2 100 316
2 101 332
2 102 160
2 103 280
2 104 313
2 105 46
3 6 213
3 7 284
3 8 176
3 9 205
3 10 56
3 11 28
3 12 261
3 13 208
3 14 285
3 15 203
3 16 126
3 17 244
3 18 308
3 19 235
3 20 164
3 21 364
3 22 314
3 23 384
3 24 13
3 25 299
3 26 178
3 27 213
3 28 88
3 29 207
3 30 245
3 31 125
3 32 120
3 33 113
3 34 8
3 35 252
3 36 341
3 37 10
3 38 254
3 39 264
3 40 15
3 41 41
3 42 13
3 43 170
3 44 180
3 45 130
3 46 53
3 47 345
3 48 388
3 49 344
3 50 158
3 51 265
3 52 308
3 53 14
3 54 209
3 55 96
3 56 176
3 57 379
3 58 90
3 59 201
3 60 68
3 61 204
3 62 172
3 63 141
3 64 108
3 65 207
3 66 22
3 67 78
3 68 314
3 69 269
3 70 149
3 71 150
3 72 328
3 73 247
3 74 202
3 75 16
3 76 382
3 77 20
3 78 157
3 79 164
3 80 39
3 81 281
3 82 322
3 83 377
3 84 128
3 85 251
3 86 59
3 87 374
3 88 336
3 89 353
3 90 270
3 91 345
3 92 286
3 93 205
3 94 9
3 95 12
3 96 223
3 97 109
3 98 339
3 99 277
3 100 31
3 101 269
3 102 340
3 103 78
3 104 194
3 105 351
4 6 167
4 7 260
4 8 235
4 9 205
4 10 207
4 11 387
4 12 45
4 13 334
4 14 105
4 15 369
4 16 81
4 17 168
4 18 369
4 19 234
4 20 151
4 21 54
4 22 119
4 23 77
4 24 144
4 25 298
4 26 210
4 27 260
4 28 394
4 29 323
4 30 37
4 31 297
4 32 301
4 33 386
4 34 194
4 35 135
4 36 343
4 37 186
4 38 61
4 39 336
4 40 307
4 41 103
4 42 275
4 43 62
4 44 96
4 45 64
4 46 362
4 47 75
4 48 254
4 49 287
4 50 201
4 51 36
4 52 123
4 53 321
4 54 44
4 55 123
4 56 176
4 57 329
4 58 161
4 59 220
4 60 38
4 61 394
4 62 279
4 63 259
4 64 365
4 65 53
4 66 8
4 67 28
4 68 157
4 69 63
4 70 51
4 71 170
4 72 238
4 73 55
4 74 191
4 75 12
4 76 102
4 77 135
4 78 189
4 79 29
4 80 113
4 81 184
4 82 254
4 83 124
4 84 182
4 85 331
4 86 69
4 87 12
4 88 359
4 89 5
4 90 77
4 91 44
4 92 89
4 93 74
4 94 30
4 95 41
4 96 101
4 97 158
4 98 204
4 99 370
4 100 205
4 101 263
4 102 145
4 103 124
4 104 35
4 105 295
5 6 285
5 7 119
5 8 23
5 9 250
5 10 363
5 11 161
5 12 16
5 13 395
5 14 245
5 15 90
5 16 238
5 17 139
5 18 90
5 19 40
5 20 301
5 21 84
5 22 31
5 23 332
5 24 203
5 25 122
5 26 340
5 27 292
5 28 125
5 29 148
5 30 105
5 31 66
5 32 47
5 33 346
5 34 400
5 35 125
5 36 44
5 37 111
5 38 244
5 39 38
5 40 109
5 41 257
5 42 203
5 43 270
5 44 101
5 45 142
5 46 360
5 47 278
5 48 60
5 49 170
5 50 388
5 51 263
5 52 281
5 53 318
5 54 126
5 55 4
5 56 390
5 57 371
5 58 336
5 59 92
5 60 255
5 61 160
5 62 356
5 63 196
5 64 155
5 65 271
5 66 215
5 67 165
5 68 79
5 69 118
5 70 285
5 71 113
5 72 63
5 73 277
5 74 373
5 75 284
5 76 134
5 77 44
5 78 142
5 79 312
5 80 231
5 81 127
5 82 250
5 83 178
5 84 85
5 85 284
5 86 226
5 87 188
5 88 208
5 89 28
5 90 186
5 91 154
5 92 145
5 93 153
5 94 199
5 95 160
5 96 393
5 97 47
5 98 302
5 99 267
5 100 293
5 101 389
5 102 286
5 103 64
5 104 36
5 105 302