25
1 6 128
1 7 296
1 8 99
1 9 250
1 10 365
1 11 236
1 12 237
1 13 368
1 14 81
1 15 370
1 16 340
1 17 353
1 18 224
1 19 111
1 20 363
1 21 18
1 22 43
1 23 322
1 24 212
1 25 78
2 6 82
2 7 59
2 8 83
2 9 377
2 10 394
2 11 282
2 12 242
2 13 164
2 14 287
2 15 393
2 16 150
2 17 353
2 18 92
2 19 29
2 20 290
2 21 71
2 22 360
2 23 40
2 24 91
2 25 152
3 6 339
3 7 3
3 8 109
3 9 81
3 10 305
3 11 75
3 12 332
3 13 385
3 14 278
3 15 137
3 16 29
3 17 206
3 18 179
3 19 102
3 20 213
3 21 84
3 22 368
3 23 254
3 24 337
3 25 80
4 6 395
4 7 292
4 8 232
4 9 125
4 10 176
4 11 231
4 12 127
4 13 220
4 14 153
4 15 84
4 16 396
4 17 73
4 18 119
4 19 252
4 20 365
4 21 11
4 22 66
4 23 8
4 24 313
4 25 332
5 6 237
5 7 394
5 8 198
5 9 363
5 10 14
5 11 149
5 12 269
5 13 14
5 14 301
5 15 175
5 16 252
5 17 283
5 18 298
5 19 229
5 20 187
5 21 313
5 22 372
5 23 96
5 24 320
5 25 162